60 61 74 25 68 67 14 49 15 2 92 75 90 13 32 13 57 24 71 39 98 15 95 17 11 46 9 99 2 56 96 16 20 21 37 87 73 35 70 83 52 5 42 10 33 10 55 9 81 70 48 31 30 85 15 45 67 58 14 23 58 16 48 60 7 77 55 69 76 46 41 23 55 88 87 93 74 85 84 2 91 1 18 32 9 66 87 36 7 93 20 15 21 47 25 36 58 83 4 57
55 87 34 36 29 25 76 42 98 23 72 82 75 13 32 57 98 16 51 42 90 19 63 83 26 26 3 8 64 52 36 91 82 27 48 4 67 83 4 84 90 46 39 84 22 38 41 9 15 68 39 42 32 63 67 37 25 51 10 4 23 69 79 46 88 81 1 48 66 29 91 15 13 68 52 45 80 79 62 89 85 94 93 96 13 95 59 20 60 11 79 17 74 100 61 22 68 94 97 41
38 94 44 87 78 24 29 65 11 23 57 47 89 21 19 29 76 83 34 94 22 81 88 55 50 74 42 14 8 31 78 87 82 22 51 92 51 7 18 89 66 95 10 38 55 33 28 53 82 32 46 85 60 4 19 57 6 90 37 5 83 16 58 80 46 70 65 68 70 28 79 69 66 45 28 27 72 51 100 17 47 90 33 76 85 93 27 79 3 95 86 62 70 14 7 51 38 30 92 85
68 60 83 54 54 78 19 16 77 92 86 56 90 21 59 93 83 82 95 53 43 87 65 76 42 17 100 53 38 77 90 42 59 16 50 87 8 79 23 8 74 12 2 12 9 31 73 50 55 15 68 57 35 39 42 81 96 7 13 37 78 67 79 100 3 45 98 74 71 72 86 5 60 88 80 32 86 54 68 12 44 50 98 24 9 33 7 20 74 69 92 1 67 86 30 8 34 3 9 65
33 99 79 84 29 64 98 48 60 10 96 42 39 1 93 28 69 55 91 70 38 78 100 3 81 85 39 74 58 73 99 83 46 4 79 46 72 15 95 46 36 60 60 65 73 50 63 66 93 2 39 79 12 39 27 56 99 77 3 45 26 24 91 88 12 13 96 36 23 48 57 55 61 46 35 79 19 36 30 32 23 73 81 56 34 20 72 7 77 24 47 95 13 51 20 12 70 73 53 60
54 27 44 46 46 84 19 66 5 49 37 64 47 72 22 53 44 35 54 92 42 90 59 99 2 62 43 11 27 24 10 46 84 70 78 96 30 36 11 51 2 6 3 29 87 84 49 41 29 67 68 35 19 61 19 65 69 45 45 84 42 8 40 81 39 92 80 78 95 26 24 9 25 4 91 37 87 30 12 19 14 2 82 60 56 75 28 23 52 13 28 85 91 27 9 94 66 22 90 96
4 71 47 3 44 60 10 16 71 82 79 39 33 27 71 40 27 81 26 64 64 58 27 82 99 39 18 99 95 97 71 65 40 17 16 43 55 79 17 97 66 12 52 70 35 89 53 65 57 70 68 86 97 26 32 46 45 66 5 5 42 12 21 75 12 14 100 17 11 28 85 49 65 30 99 52 6 57 47 11 87 53 43 26 30 86 69 14 85 70 99 90 75 12 55 55 92 78 58 22
90 36 54 29 85 20 22 67 28 80 40 88 19 95 18 89 70 96 46 27 45 86 32 42 30 96 74 53 76 45 61 29 99 26 22 51 99 14 41 11 65 3 87 5 30 11 72 81 95 66 86 96 32 32 77 4 4 13 100 90 46 69 92 83 20 12 90 94 73 67 91 56 55 36 63 43 100 28 12 19 24 94 59 10 60 65 97 68 49 18 48 87 14 52 65 96 11 4 86 19
22 78 8 28 76 30 42 97 70 35 5 77 1 82 66 52 11 82 24 55 15 22 45 56 20 4 43 4 71 67 32 96 42 94 98 46 87 31 35 31 24 1 98 14 14 71 87 33 86 13 86 29 81 32 5 100 34 53 9 72 87 38 26 3 3 10 36 8 84 20 66 80 48 94 31 14 25 31 43 50 18 11 18 58 82 4 16 11 89 99 13 34 23 63 45 86 75 95 12 4
36 79 49 66 48 6 82 88 1 91 75 3 10 59 55 76 20 69 22 100 94 25 19 85 8 32 58 86 49 45 40 30 20 39 15 39 62 53 11 77 22 29 11 98 24 11 24 64 8 69 67 7 74 12 11 11 61 65 59 16 48 97 39 56 52 46 83 72 45 16 14 68 58 46 78 66 15 21 62 97 8 94 78 81 79 33 56 8 29 4 79 98 94 95 29 26 91 55 47 79
28 53 19 93 55 99 49 29 34 45 97 40 3 62 8 55 20 58 78 19 90 75 44 42 37 16 74 64 18 53 76 61 75 83 70 56 76 85 26 80 85 28 75 84 7 40 95 32 87 75 7 33 77 28 89 53 9 78 56 40 26 85 12 82 70 37 66 20 93 53 80 35 33 98 34 63 1 60 35 98 21 42 77 44 47 43 84 47 95 17 47 98 30 87 55 100 17 93 15 71
75 75 40 35 96 73 1 80 94 27 52 50 43 58 19 84 9 68 36 27 54 19 26 76 7 82 5 46 43 35 46 8 46 65 24 46 3 43 49 74 43 4 53 69 66 98 55 73 69 72 92 49 58 89 18 56 50 64 29 14 68 55 37 60 81 44 4 79 34 73 81 67 20 62 84 50 67 57 11 9 27 33 78 72 43 98 51 58 48 69 97 39 14 35 6 89 67 93 89 22
94 77 39 97 91 25 29 97 5 68 90 93 53 20 87 36 77 66 18 84 94 47 32 66 76 42 53 86 56 95 83 74 69 90 15 51 94 82 81 18 69 54 53 80 80 4 87 95 48 71 12 2 76 6 28 48 45 74 21 49 73 44 42 10 85 16 25 64 5 37 43 96 86 100 15 41 94 53 86 73 56 59 38 86 84 82 98 64 62 68 7 21 62 32 46 25 13 44 95 64
80 23 90 12 28 17 16 77 91 88 54 93 88 48 94 15 7 56 27 4 18 62 3 38 30 22 35 55 54 91 28 51 58 23 94 33 69 26 58 67 67 22 73 74 14 15 33 14 38 32 19 57 17 92 46 18 21 53 83 7 83 62 23 1 61 4 35 66 55 61 46 81 99 60 38 97 89 29 24 16 90 22 17 23 72 72 34 67 77 76 13 17 44 52 85 5 99 73 14 11
80 68 59 78 86 39 58 58 55 50 30 92 29 67 18 62 46 1 29 89 70 69 90 80 49 30 37 48 75 33 98 16 16 14 36 22 63 39 38 34 14 77 12 27 46 21 88 77 35 24 60 99 44 25 41 12 79 80 29 56 2 11 84 23 53 14 77 16 32 96 99 7 63 96 76 94 57 63 34 28 42 60 14 51 73 99 73 92 73 25 43 83 10 82 33 4 93 90 75 32
